mean:[81.36510335675172, 88.03251512186445, 72.16710645987992]
std:[51.91513827157901, 49.320920378711556, 48.44851464692383]mean:[123.37970809872029, 142.0217015904936, 131.8767293857404] std:[68.33159663101428, 63.58971315040672, 66.03092881437266]
